version https://git-lfs.github.com/spec/v1
oid sha256:df8ba6e1fa80ec95e89f683894c2b4feacff50897df970fe3ace86f45d5f11e9
size 966
