version https://git-lfs.github.com/spec/v1
oid sha256:605eafda44fbf6c966daa0a5eb5c16f64c0b6b5612df206d54be5d368e9f9d53
size 766
