version https://git-lfs.github.com/spec/v1
oid sha256:4620d942a87ada14dc716e6e1a9dd88180c44d3eee828b91d8789fb2e85e2677
size 887
