version https://git-lfs.github.com/spec/v1
oid sha256:8cfa03d9f62ecca7b12e73ac4dd414fa9163af148223aff0714da3bb8a8e5dc6
size 376
